15
19
22
23
26
27
28
30
31
33
34
36
39
41
50
52
53
57
58
59
62
63
64
65
67
68
69
71
72
76
77
78
80
87
88
89
90
91
92
93
95
97
98
99
105
106
107
108
109
110
111
112
113
114
116
118
119
121
122
123
124
125
126
127
128
129
130
131
133
134
135
136
137
138
139
140
141
142
143
144
145
146
147
148
149
150
151
152
153
154
155
156
157
158
159
160
161
162
163
164
165
166
167
168
169
170
171
172
173
174
175
176
177
178
180
181
182
183
184
185
186
187
189
190
191
192
193
194
195
196
197
198
199
200
201
202
203
204
205
208
209
211
212
213
214
215
216
217
218
219
220
223
229
230
231
232
233
234
235
236
237
238
239
240
241
242
245
246
249
251
252
253
254
255
257
258
259
261
262
263
264
265
267
268
269
270
271
272
273
274
275
276
277
278
279
280
281
282
284
285
286
287
288
289
290
291
292
293
294
295
296
297
298
299
300
301
303
304
305
306
307
308
309
310
311
312
313
314
315
316
317
319
320
321
322
323
324
325
326
327
328
329
330
331
332
333
335
336
337
338
339
340
342
343
344
345
346
347
348
349
350
351
352
353
354
355
356
357
358
359
360
361
362
363
364
365
366
367
368
369
370
371
372
373
374
375
376
377
378
379
380
381
382
383
385
386
387
388
389
390
391
392
393
394
395
397
5
21
248
102
206
11
35
4
12
24
25
32
37
46
51
54
55
56
70
79
17
82
83
84
101
207
179
61
3
7
20
1
2
6
8
48
103
243
244
260
396
283
29
81
47
9
10
18
40
45
49
75
100
250
224
225
226
227
228
266
